Select distinct c.company_id
    from companies.listings l
       , companies.companies c
    where l.supplier_facts_uuid = c.supplier_facts_uuid
      and category_id in
          (135387, 94033, 94039, 94003, 94022, 94035, 61685, 61957, 93972, 61697, 94064, 141808, 93948,
           93920, 163858, 93898, 94114, 93856, 93983, 93911, 160323, 93869, 93878,
           94092, 93993, 93928, 93857, 160324, 114931, 93908, 87466, 94049, 124784, 94073, 93931, 150729,
           145527, 93868, 94074, 94020, 93925, 94062, 93943, 96531, 131183, 85818,
           93863, 92300, 94085, 89050, 94054, 94061, 94101,
           160343, 93971, 130905, 94016, 93951, 155279, 93994, 87127, 94094, 93874, 93906, 93909, 94105,
           129449, 93899,
           93879, 93872, 153624, 93870, 87128, 93905, 93947, 130336, 94096, 93967, 93389, 93867, 139507,
           93882, 133766,
           142908, 93939, 94117, 94019, 69008, 94065, 94080, 163345, 162001, 93980, 94000, 94060, 62893,
           93944, 101136,
           126698, 161404, 83227, 94029, 94081, 87130, 93859, 93974, 93875, 94067, 133187, 130915, 93997,
           93900, 94053,
           161168, 156672, 160540, 89046, 85824, 85821, 137820, 93907, 94059, 94007, 93916, 161167,
           159659, 93982, 72384,
           104882, 154769, 125764, 147477, 93981, 94018, 163419, 94093, 93858, 137058, 137553, 93903,
           93977, 149787,
           94017, 163232, 94100, 163774, 94052, 94088, 133629, 147125, 93558, 94079, 67165, 71842, 94091,
           118427, 136824,
           93915, 157723, 60823, 156577, 159238, 162520, 94040, 155534, 93927, 138387, 161424, 161489,
           86334, 163416,
           157813, 147790, 93862, 61859, 124436, 75735, 93557, 83234, 80369, 157810, 94071, 153427,
           93941, 68993, 92744,
           94110, 61879, 85079, 162521, 94097, 93936, 93904, 93985, 162508, 140661, 75708, 93887, 94070,
           165008, 124624,
           85826, 94076, 93942, 94082, 94021, 93901, 93989, 93917, 94011, 94043, 151855, 160808, 85082,
           94118, 85822, 94090,
           94009, 66106, 93876, 156880, 93883, 94537, 131410, 157812, 157721, 94068, 89051, 94030,
           129951, 153973,
           89086, 143066, 94001, 85990, 94024, 164509, 148999, 165004, 85673, 156164, 161088, 162741,
           93970, 131746, 87498,
           87398, 71023, 94078, 136825, 86473, 93884, 85832, 161089, 75734, 93946, 155955, 75762, 158018,
           136823,
           131372, 158457, 94012, 164784, 87169, 87271, 85071, 161897, 89169, 80910, 86015, 132690,
           139237, 149191, 94032,
           62855, 87264, 93923, 137449, 152382, 142672, 83229, 94036, 89053, 135122, 145726, 93885,
           85096, 92747,
           92749, 94004, 147969, 138572, 94031, 94086, 92863)
